# zone  xi   theta  dtheta/dxi
0   0.006136      0.999994      -0.002045
1   0.012272      0.999981      -0.002045
2   0.018408      0.999969      -0.003636
3   0.024544      0.999946      -0.005497
4   0.030680      0.999913      -0.007444
5   0.036816      0.999867      -0.009430
6   0.042951      0.999809      -0.011435
7   0.049087      0.999739      -0.013452
8   0.055223      0.999656      -0.015475
9   0.061359      0.999561      -0.017502
10   0.067495      0.999454      -0.019532
11   0.073631      0.999334      -0.021564
12   0.079767      0.999202      -0.023597
13   0.085903      0.999057      -0.025631
14   0.092039      0.998900      -0.027665
15   0.098175      0.998730      -0.029699
16   0.104311      0.998548      -0.031733
17   0.110447      0.998353      -0.033766
18   0.116583      0.998146      -0.035799
19   0.122718      0.997926      -0.037830
20   0.128854      0.997694      -0.039861
21   0.134990      0.997450      -0.041892
22   0.141126      0.997192      -0.043920
23   0.147262      0.996923      -0.045948
24   0.153398      0.996641      -0.047975
25   0.159534      0.996347      -0.050000
26   0.165670      0.996040      -0.052023
27   0.171806      0.995721      -0.054045
28   0.177942      0.995389      -0.056066
29   0.184078      0.995045      -0.058084
30   0.190214      0.994689      -0.060101
31   0.196350      0.994320      -0.062116
32   0.202485      0.993939      -0.064129
33   0.208621      0.993545      -0.066140
34   0.214757      0.993139      -0.068149
35   0.220893      0.992721      -0.070156
36   0.227029      0.992291      -0.072160
37   0.233165      0.991848      -0.074162
38   0.239301      0.991393      -0.076162
39   0.245437      0.990926      -0.078159
40   0.251573      0.990446      -0.080154
41   0.257709      0.989954      -0.082146
42   0.263845      0.989450      -0.084136
43   0.269981      0.988934      -0.086123
44   0.276117      0.988405      -0.088107
45   0.282252      0.987865      -0.090088
46   0.288388      0.987312      -0.092066
47   0.294524      0.986747      -0.094041
48   0.300660      0.986170      -0.096013
49   0.306796      0.985581      -0.097982
50   0.312932      0.984980      -0.099948
51   0.319068      0.984367      -0.101911
52   0.325204      0.983741      -0.103870
53   0.331340      0.983104      -0.105826
54   0.337476      0.982455      -0.107778
55   0.343612      0.981793      -0.109727
56   0.349748      0.981120      -0.111672
57   0.355884      0.980435      -0.113614
58   0.362019      0.979738      -0.115551
59   0.368155      0.979029      -0.117486
60   0.374291      0.978308      -0.119416
61   0.380427      0.977575      -0.121342
62   0.386563      0.976830      -0.123264
63   0.392699      0.976074      -0.125183
64   0.398835      0.975306      -0.127097
65   0.404971      0.974526      -0.129007
66   0.411107      0.973735      -0.130913
67   0.417243      0.972931      -0.132814
68   0.423379      0.972116      -0.134712
69   0.429515      0.971290      -0.136605
70   0.435651      0.970452      -0.138493
71   0.441786      0.969602      -0.140377
72   0.447922      0.968740      -0.142256
73   0.454058      0.967868      -0.144131
74   0.460194      0.966983      -0.146001
75   0.466330      0.966087      -0.147866
76   0.472466      0.965180      -0.149726
77   0.478602      0.964261      -0.151582
78   0.484738      0.963331      -0.153432
79   0.490874      0.962390      -0.155278
80   0.497010      0.961437      -0.157118
81   0.503146      0.960473      -0.158954
82   0.509282      0.959498      -0.160784
83   0.515418      0.958511      -0.162609
84   0.521553      0.957513      -0.164429
85   0.527689      0.956504      -0.166243
86   0.533825      0.955484      -0.168052
87   0.539961      0.954453      -0.169856
88   0.546097      0.953411      -0.171654
89   0.552233      0.952358      -0.173447
90   0.558369      0.951293      -0.175234
91   0.564505      0.950218      -0.177015
92   0.570641      0.949132      -0.178791
93   0.576777      0.948035      -0.180560
94   0.582913      0.946927      -0.182325
95   0.589049      0.945808      -0.184083
96   0.595185      0.944679      -0.185835
97   0.601320      0.943539      -0.187581
98   0.607456      0.942388      -0.189321
99   0.613592      0.941226      -0.191056
100   0.619728      0.940054      -0.192784
101   0.625864      0.938871      -0.194506
102   0.632000      0.937677      -0.196221
103   0.638136      0.936473      -0.197931
104   0.644272      0.935259      -0.199634
105   0.650408      0.934034      -0.201330
106   0.656544      0.932799      -0.203021
107   0.662680      0.931553      -0.204704
108   0.668816      0.930297      -0.206382
109   0.674952      0.929030      -0.208052
110   0.681087      0.927754      -0.209716
111   0.687223      0.926467      -0.211374
112   0.693359      0.925170      -0.213025
113   0.699495      0.923863      -0.214669
114   0.705631      0.922546      -0.216306
115   0.711767      0.921219      -0.217936
116   0.717903      0.919881      -0.219560
117   0.724039      0.918534      -0.221176
118   0.730175      0.917177      -0.222786
119   0.736311      0.915810      -0.224388
120   0.742447      0.914433      -0.225984
121   0.748583      0.913047      -0.227572
122   0.754719      0.911650      -0.229153
123   0.760854      0.910244      -0.230728
124   0.766990      0.908828      -0.232294
125   0.773126      0.907403      -0.233854
126   0.779262      0.905968      -0.235406
127   0.785398      0.904524      -0.236951
128   0.791534      0.903070      -0.238489
129   0.797670      0.901606      -0.240019
130   0.803806      0.900134      -0.241542
131   0.809942      0.898652      -0.243057
132   0.816078      0.897160      -0.244564
133   0.822214      0.895660      -0.246064
134   0.828350      0.894150      -0.247557
135   0.834486      0.892631      -0.249042
136   0.840621      0.891103      -0.250519
137   0.846757      0.889566      -0.251988
138   0.852893      0.888019      -0.253450
139   0.859029      0.886464      -0.254903
140   0.865165      0.884900      -0.256349
141   0.871301      0.883327      -0.257788
142   0.877437      0.881745      -0.259218
143   0.883573      0.880155      -0.260640
144   0.889709      0.878556      -0.262054
145   0.895845      0.876948      -0.263461
146   0.901981      0.875331      -0.264859
147   0.908117      0.873706      -0.266249
148   0.914253      0.872072      -0.267632
149   0.920388      0.870430      -0.269006
150   0.926524      0.868779      -0.270372
151   0.932660      0.867120      -0.271729
152   0.938796      0.865453      -0.273079
153   0.944932      0.863778      -0.274420
154   0.951068      0.862094      -0.275753
155   0.957204      0.860402      -0.277078
156   0.963340      0.858702      -0.278394
157   0.969476      0.856993      -0.279702
158   0.975612      0.855277      -0.281002
159   0.981748      0.853553      -0.282293
160   0.987884      0.851821      -0.283576
161   0.994020      0.850081      -0.284851
162   1.000155      0.848333      -0.286117
163   1.006291      0.846577      -0.287374
164   1.012427      0.844814      -0.288623
165   1.018563      0.843043      -0.289863
166   1.024699      0.841265      -0.291095
167   1.030835      0.839478      -0.292319
168   1.036971      0.837685      -0.293533
169   1.043107      0.835884      -0.294739
170   1.049243      0.834075      -0.295937
171   1.055379      0.832259      -0.297125
172   1.061515      0.830436      -0.298305
173   1.067651      0.828606      -0.299476
174   1.073787      0.826768      -0.300639
175   1.079922      0.824924      -0.301793
176   1.086058      0.823072      -0.302938
177   1.092194      0.821213      -0.304074
178   1.098330      0.819347      -0.305202
179   1.104466      0.817475      -0.306320
180   1.110602      0.815595      -0.307430
181   1.116738      0.813709      -0.308531
182   1.122874      0.811816      -0.309623
183   1.129010      0.809916      -0.310706
184   1.135146      0.808009      -0.311780
185   1.141282      0.806096      -0.312846
186   1.147418      0.804177      -0.313902
187   1.153554      0.802250      -0.314950
188   1.159689      0.800318      -0.315988
189   1.165825      0.798379      -0.317018
190   1.171961      0.796434      -0.318038
191   1.178097      0.794482      -0.319050
192   1.184233      0.792525      -0.320052
193   1.190369      0.790561      -0.321046
194   1.196505      0.788591      -0.322031
195   1.202641      0.786615      -0.323006
196   1.208777      0.784633      -0.323973
197   1.214913      0.782645      -0.324930
198   1.221049      0.780652      -0.325879
199   1.227185      0.778652      -0.326818
200   1.233321      0.776647      -0.327748
201   1.239456      0.774636      -0.328669
202   1.245592      0.772619      -0.329581
203   1.251728      0.770597      -0.330484
204   1.257864      0.768569      -0.331378
205   1.264000      0.766535      -0.332263
206   1.270136      0.764497      -0.333139
207   1.276272      0.762453      -0.334006
208   1.282408      0.760403      -0.334863
209   1.288544      0.758349      -0.335711
210   1.294680      0.756289      -0.336551
211   1.300816      0.754224      -0.337381
212   1.306952      0.752153      -0.338202
213   1.313088      0.750078      -0.339014
214   1.319223      0.747998      -0.339816
215   1.325359      0.745913      -0.340610
216   1.331495      0.743823      -0.341394
217   1.337631      0.741728      -0.342170
218   1.343767      0.739629      -0.342936
219   1.349903      0.737525      -0.343693
220   1.356039      0.735416      -0.344441
221   1.362175      0.733302      -0.345180
222   1.368311      0.731184      -0.345910
223   1.374447      0.729062      -0.346630
224   1.380583      0.726935      -0.347342
225   1.386719      0.724804      -0.348044
226   1.392855      0.722668      -0.348737
227   1.398990      0.720528      -0.349422
228   1.405126      0.718384      -0.350097
229   1.411262      0.716236      -0.350763
230   1.417398      0.714084      -0.351419
231   1.423534      0.711927      -0.352067
232   1.429670      0.709767      -0.352706
233   1.435806      0.707603      -0.353336
234   1.441942      0.705435      -0.353956
235   1.448078      0.703263      -0.354568
236   1.454214      0.701087      -0.355170
237   1.460350      0.698908      -0.355763
238   1.466486      0.696725      -0.356348
239   1.472622      0.694539      -0.356923
240   1.478757      0.692349      -0.357489
241   1.484893      0.690155      -0.358047
242   1.491029      0.687958      -0.358595
243   1.497165      0.685758      -0.359134
244   1.503301      0.683554      -0.359665
245   1.509437      0.681347      -0.360186
246   1.515573      0.679137      -0.360699
247   1.521709      0.676924      -0.361202
248   1.527845      0.674708      -0.361697
249   1.533981      0.672488      -0.362182
250   1.540117      0.670266      -0.362659
251   1.546253      0.668041      -0.363127
252   1.552389      0.665813      -0.363586
253   1.558524      0.663582      -0.364036
254   1.564660      0.661348      -0.364477
255   1.570796      0.659112      -0.364910
256   1.576932      0.656873      -0.365333
257   1.583068      0.654631      -0.365748
258   1.589204      0.652387      -0.366154
259   1.595340      0.650140      -0.366551
260   1.601476      0.647891      -0.366940
261   1.607612      0.645639      -0.367320
262   1.613748      0.643386      -0.367691
263   1.619884      0.641129      -0.368053
264   1.626020      0.638871      -0.368407
265   1.632156      0.636611      -0.368752
266   1.638291      0.634348      -0.369088
267   1.644427      0.632083      -0.369416
268   1.650563      0.629817      -0.369735
269   1.656699      0.627548      -0.370045
270   1.662835      0.625277      -0.370347
271   1.668971      0.623005      -0.370641
272   1.675107      0.620731      -0.370926
273   1.681243      0.618455      -0.371202
274   1.687379      0.616177      -0.371470
275   1.693515      0.613898      -0.371729
276   1.699651      0.611617      -0.371980
277   1.705787      0.609334      -0.372223
278   1.711923      0.607050      -0.372457
279   1.718058      0.604765      -0.372683
280   1.724194      0.602478      -0.372900
281   1.730330      0.600190      -0.373109
282   1.736466      0.597901      -0.373310
283   1.742602      0.595610      -0.373503
284   1.748738      0.593319      -0.373687
285   1.754874      0.591026      -0.373863
286   1.761010      0.588732      -0.374031
287   1.767146      0.586437      -0.374190
288   1.773282      0.584141      -0.374342
289   1.779418      0.581844      -0.374485
290   1.785554      0.579546      -0.374620
291   1.791690      0.577247      -0.374748
292   1.797825      0.574948      -0.374867
293   1.803961      0.572648      -0.374978
294   1.810097      0.570347      -0.375081
295   1.816233      0.568045      -0.375176
296   1.822369      0.565743      -0.375263
297   1.828505      0.563441      -0.375342
298   1.834641      0.561138      -0.375413
299   1.840777      0.558834      -0.375477
300   1.846913      0.556530      -0.375532
301   1.853049      0.554226      -0.375580
302   1.859185      0.551921      -0.375620
303   1.865321      0.549617      -0.375653
304   1.871457      0.547312      -0.375677
305   1.877592      0.545007      -0.375694
306   1.883728      0.542701      -0.375703
307   1.889864      0.540396      -0.375705
308   1.896000      0.538091      -0.375699
309   1.902136      0.535785      -0.375685
310   1.908272      0.533480      -0.375664
311   1.914408      0.531175      -0.375635
312   1.920544      0.528870      -0.375599
313   1.926680      0.526566      -0.375556
314   1.932816      0.524261      -0.375505
315   1.938952      0.521957      -0.375446
316   1.945088      0.519654      -0.375380
317   1.951224      0.517350      -0.375307
318   1.957359      0.515047      -0.375227
319   1.963495      0.512745      -0.375139
320   1.969631      0.510443      -0.375044
321   1.975767      0.508142      -0.374942
322   1.981903      0.505841      -0.374833
323   1.988039      0.503541      -0.374717
324   1.994175      0.501242      -0.374594
325   2.000311      0.498944      -0.374463
326   2.006447      0.496646      -0.374326
327   2.012583      0.494349      -0.374181
328   2.018719      0.492053      -0.374030
329   2.024855      0.489758      -0.373871
330   2.030991      0.487464      -0.373706
331   2.037126      0.485171      -0.373534
332   2.043262      0.482879      -0.373355
333   2.049398      0.480588      -0.373169
334   2.055534      0.478299      -0.372977
335   2.061670      0.476010      -0.372778
336   2.067806      0.473723      -0.372572
337   2.073942      0.471437      -0.372359
338   2.080078      0.469152      -0.372140
339   2.086214      0.466868      -0.371914
340   2.092350      0.464586      -0.371682
341   2.098486      0.462306      -0.371444
342   2.104622      0.460027      -0.371198
343   2.110758      0.457749      -0.370947
344   2.116893      0.455473      -0.370689
345   2.123029      0.453198      -0.370424
346   2.129165      0.450925      -0.370154
347   2.135301      0.448654      -0.369877
348   2.141437      0.446385      -0.369594
349   2.147573      0.444117      -0.369304
350   2.153709      0.441851      -0.369009
351   2.159845      0.439587      -0.368707
352   2.165981      0.437324      -0.368399
353   2.172117      0.435064      -0.368085
354   2.178253      0.432805      -0.367765
355   2.184389      0.430549      -0.367439
356   2.190525      0.428294      -0.367107
357   2.196660      0.426042      -0.366770
358   2.202796      0.423791      -0.366426
359   2.208932      0.421543      -0.366077
360   2.215068      0.419297      -0.365721
361   2.221204      0.417053      -0.365360
362   2.227340      0.414811      -0.364994
363   2.233476      0.412571      -0.364621
364   2.239612      0.410334      -0.364243
365   2.245748      0.408099      -0.363860
366   2.251884      0.405866      -0.363470
367   2.258020      0.403636      -0.363076
368   2.264156      0.401408      -0.362675
369   2.270292      0.399183      -0.362270
370   2.276427      0.396960      -0.361858
371   2.282563      0.394740      -0.361442
372   2.288699      0.392522      -0.361020
373   2.294835      0.390307      -0.360593
374   2.300971      0.388094      -0.360161
375   2.307107      0.385884      -0.359723
376   2.313243      0.383677      -0.359280
377   2.319379      0.381472      -0.358832
378   2.325515      0.379271      -0.358379
379   2.331651      0.377072      -0.357921
380   2.337787      0.374876      -0.357458
381   2.343923      0.372682      -0.356990
382   2.350059      0.370492      -0.356517
383   2.356194      0.368304      -0.356039
384   2.362330      0.366120      -0.355556
385   2.368466      0.363938      -0.355069
386   2.374602      0.361759      -0.354576
387   2.380738      0.359584      -0.354079
388   2.386874      0.357411      -0.353577
389   2.393010      0.355241      -0.353071
390   2.399146      0.353075      -0.352560
391   2.405282      0.350912      -0.352044
392   2.411418      0.348752      -0.351524
393   2.417554      0.346595      -0.350999
394   2.423690      0.344441      -0.350470
395   2.429826      0.342291      -0.349936
396   2.435961      0.340143      -0.349398
397   2.442097      0.337999      -0.348855
398   2.448233      0.335859      -0.348309
399   2.454369      0.333722      -0.347758
400   2.460505      0.331588      -0.347202
401   2.466641      0.329457      -0.346643
402   2.472777      0.327331      -0.346079
403   2.478913      0.325207      -0.345512
404   2.485049      0.323087      -0.344940
405   2.491185      0.320970      -0.344364
406   2.497321      0.318857      -0.343784
407   2.503457      0.316748      -0.343200
408   2.509593      0.314642      -0.342613
409   2.515728      0.312540      -0.342021
410   2.521864      0.310441      -0.341426
411   2.528000      0.308346      -0.340827
412   2.534136      0.306255      -0.340224
413   2.540272      0.304167      -0.339617
414   2.546408      0.302084      -0.339006
415   2.552544      0.300004      -0.338392
416   2.558680      0.297927      -0.337775
417   2.564816      0.295855      -0.337154
418   2.570952      0.293786      -0.336529
419   2.577088      0.291721      -0.335901
420   2.583224      0.289660      -0.335269
421   2.589360      0.287603      -0.334634
422   2.595495      0.285549      -0.333996
423   2.601631      0.283500      -0.333354
424   2.607767      0.281455      -0.332709
425   2.613903      0.279413      -0.332061
426   2.620039      0.277376      -0.331409
427   2.626175      0.275342      -0.330755
428   2.632311      0.273313      -0.330097
429   2.638447      0.271287      -0.329436
430   2.644583      0.269266      -0.328772
431   2.650719      0.267248      -0.328105
432   2.656855      0.265235      -0.327435
433   2.662991      0.263226      -0.326762
434   2.669127      0.261221      -0.326086
435   2.675262      0.259220      -0.325408
436   2.681398      0.257224      -0.324726
437   2.687534      0.255231      -0.324042
438   2.693670      0.253243      -0.323355
439   2.699806      0.251259      -0.322665
440   2.705942      0.249279      -0.321973
441   2.712078      0.247303      -0.321278
442   2.718214      0.245332      -0.320580
443   2.724350      0.243365      -0.319880
444   2.730486      0.241402      -0.319177
445   2.736622      0.239444      -0.318472
446   2.742758      0.237490      -0.317765
447   2.748894      0.235540      -0.317055
448   2.755029      0.233594      -0.316342
449   2.761165      0.231653      -0.315627
450   2.767301      0.229717      -0.314910
451   2.773437      0.227784      -0.314191
452   2.779573      0.225857      -0.313470
453   2.785709      0.223933      -0.312746
454   2.791845      0.222014      -0.312020
455   2.797981      0.220100      -0.311292
456   2.804117      0.218190      -0.310562
457   2.810253      0.216284      -0.309830
458   2.816389      0.214383      -0.309096
459   2.822525      0.212486      -0.308360
460   2.828661      0.210594      -0.307622
461   2.834796      0.208707      -0.306882
462   2.840932      0.206824      -0.306141
463   2.847068      0.204945      -0.305397
464   2.853204      0.203071      -0.304652
465   2.859340      0.201202      -0.303905
466   2.865476      0.199337      -0.303156
467   2.871612      0.197477      -0.302406
468   2.877748      0.195622      -0.301654
469   2.883884      0.193771      -0.300900
470   2.890020      0.191924      -0.300145
471   2.896156      0.190083      -0.299388
472   2.902292      0.188246      -0.298630
473   2.908428      0.186413      -0.297870
474   2.914563      0.184586      -0.297109
475   2.920699      0.182763      -0.296347
476   2.926835      0.180944      -0.295583
477   2.932971      0.179130      -0.294818
478   2.939107      0.177322      -0.294051
479   2.945243      0.175517      -0.293283
480   2.951379      0.173718      -0.292515
481   2.957515      0.171923      -0.291745
482   2.963651      0.170133      -0.290973
483   2.969787      0.168347      -0.290201
484   2.975923      0.166567      -0.289428
485   2.982059      0.164791      -0.288653
486   2.988195      0.163020      -0.287878
487   2.994330      0.161253      -0.287101
488   3.000466      0.159492      -0.286324
489   3.006602      0.157735      -0.285546
490   3.012738      0.155983      -0.284767
491   3.018874      0.154235      -0.283987
492   3.025010      0.152493      -0.283206
493   3.031146      0.150755      -0.282424
494   3.037282      0.149022      -0.281642
495   3.043418      0.147294      -0.280859
496   3.049554      0.145571      -0.280076
497   3.055690      0.143852      -0.279291
498   3.061826      0.142138      -0.278507
499   3.067962      0.140430      -0.277721
500   3.074097      0.138725      -0.276935
501   3.080233      0.137026      -0.276149
502   3.086369      0.135332      -0.275362
503   3.092505      0.133642      -0.274574
504   3.098641      0.131957      -0.273787
505   3.104777      0.130277      -0.272999
506   3.110913      0.128602      -0.272210
507   3.117049      0.126932      -0.271421
508   3.123185      0.125267      -0.270632
509   3.129321      0.123606      -0.269843
510   3.135457      0.121950      -0.269053
511   3.141593      0.120300      -0.268264
512   3.147729      0.118653      -0.267474
513   3.153865      0.117012      -0.266684
514   3.160000      0.115376      -0.265894
515   3.166136      0.113744      -0.265104
516   3.172272      0.112118      -0.264314
517   3.178408      0.110496      -0.263524
518   3.184544      0.108879      -0.262734
519   3.190680      0.107267      -0.261944
520   3.196816      0.105660      -0.261154
521   3.202952      0.104057      -0.260364
522   3.209088      0.102460      -0.259575
523   3.215224      0.100867      -0.258785
524   3.221360      0.099279      -0.257996
525   3.227496      0.097696      -0.257208
526   3.233632      0.096118      -0.256419
527   3.239767      0.094544      -0.255631
528   3.245903      0.092976      -0.254843
529   3.252039      0.091412      -0.254055
530   3.258175      0.089853      -0.253268
531   3.264311      0.088299      -0.252482
532   3.270447      0.086750      -0.251696
533   3.276583      0.085206      -0.250910
534   3.282719      0.083666      -0.250125
535   3.288855      0.082131      -0.249341
536   3.294991      0.080601      -0.248557
537   3.301127      0.079076      -0.247773
538   3.307263      0.077556      -0.246991
539   3.313399      0.076040      -0.246209
540   3.319534      0.074530      -0.245428
541   3.325670      0.073024      -0.244647
542   3.331806      0.071523      -0.243868
543   3.337942      0.070026      -0.243089
544   3.344078      0.068535      -0.242311
545   3.350214      0.067048      -0.241534
546   3.356350      0.065566      -0.240758
547   3.362486      0.064089      -0.239982
548   3.368622      0.062616      -0.239208
549   3.374758      0.061148      -0.238435
550   3.380894      0.059685      -0.237663
551   3.387030      0.058227      -0.236891
552   3.393166      0.056773      -0.236121
553   3.399301      0.055325      -0.235352
554   3.405437      0.053881      -0.234585
555   3.411573      0.052441      -0.233818
556   3.417709      0.051006      -0.233053
557   3.423845      0.049576      -0.232289
558   3.429981      0.048151      -0.231526
559   3.436117      0.046731      -0.230764
560   3.442253      0.045315      -0.230004
561   3.448389      0.043903      -0.229245
562   3.454525      0.042497      -0.228488
563   3.460661      0.041095      -0.227732
564   3.466797      0.039697      -0.226977
565   3.472933      0.038305      -0.226224
566   3.479068      0.036917      -0.225473
567   3.485204      0.035533      -0.224723
568   3.491340      0.034154      -0.223975
569   3.497476      0.032780      -0.223228
570   3.503612      0.031410      -0.222483
571   3.509748      0.030045      -0.221740
572   3.515884      0.028684      -0.220999
573   3.522020      0.027328      -0.220259
574   3.528156      0.025977      -0.219521
575   3.534292      0.024630      -0.218785
576   3.540428      0.023288      -0.218051
577   3.546564      0.021950      -0.217319
578   3.552700      0.020616      -0.216589
579   3.558835      0.019287      -0.215861
580   3.564971      0.017963      -0.215135
581   3.571107      0.016643      -0.214411
582   3.577243      0.015327      -0.213689
583   3.583379      0.014016      -0.212969
584   3.589515      0.012709      -0.212252
585   3.595651      0.011407      -0.211537
586   3.601787      0.010109      -0.210824
587   3.607923      0.008815      -0.210114
588   3.614059      0.007526      -0.209406
589   3.620195      0.006241      -0.208701
590   3.626331      0.004960      -0.207998
591   3.632467      0.003684      -0.207298
592   3.638602      0.002412      -0.206601
593   3.644738      0.001144      -0.205907
