zone,xi,theta,dtheta/dxi
0,0.006136,0.999994,-0.002045
1,0.012272,0.999981,-0.002045
2,0.018408,0.999969,-0.003636
3,0.024544,0.999946,-0.005496
4,0.030680,0.999913,-0.007444
5,0.036816,0.999867,-0.009429
6,0.042951,0.999809,-0.011434
7,0.049087,0.999739,-0.013449
8,0.055223,0.999656,-0.015471
9,0.061359,0.999561,-0.017496
10,0.067495,0.999454,-0.019524
11,0.073631,0.999334,-0.021553
12,0.079767,0.999202,-0.023583
13,0.085903,0.999057,-0.025612
14,0.092039,0.998900,-0.027641
15,0.098175,0.998731,-0.029669
16,0.104311,0.998549,-0.031696
17,0.110447,0.998354,-0.033721
18,0.116583,0.998147,-0.035745
19,0.122718,0.997928,-0.037767
20,0.128854,0.997696,-0.039786
21,0.134990,0.997452,-0.041804
22,0.141126,0.997195,-0.043819
23,0.147262,0.996927,-0.045831
24,0.153398,0.996645,-0.047841
25,0.159534,0.996352,-0.049848
26,0.165670,0.996046,-0.051852
27,0.171806,0.995728,-0.053852
28,0.177942,0.995397,-0.055849
29,0.184078,0.995055,-0.057843
30,0.190214,0.994700,-0.059833
31,0.196350,0.994333,-0.061819
32,0.202485,0.993953,-0.063801
33,0.208621,0.993562,-0.065780
34,0.214757,0.993158,-0.067754
35,0.220893,0.992742,-0.069723
36,0.227029,0.992315,-0.071689
37,0.233165,0.991875,-0.073649
38,0.239301,0.991423,-0.075605
39,0.245437,0.990959,-0.077557
40,0.251573,0.990483,-0.079503
41,0.257709,0.989995,-0.081444
42,0.263845,0.989496,-0.083380
43,0.269981,0.988984,-0.085310
44,0.276117,0.988460,-0.087235
45,0.282252,0.987925,-0.089155
46,0.288388,0.987378,-0.091069
47,0.294524,0.986819,-0.092976
48,0.300660,0.986249,-0.094879
49,0.306796,0.985667,-0.096774
50,0.312932,0.985073,-0.098664
51,0.319068,0.984468,-0.100548
52,0.325204,0.983851,-0.102425
53,0.331340,0.983222,-0.104296
54,0.337476,0.982582,-0.106160
55,0.343612,0.981931,-0.108017
56,0.349748,0.981268,-0.109867
57,0.355884,0.980594,-0.111711
58,0.362019,0.979908,-0.113547
59,0.368155,0.979212,-0.115376
60,0.374291,0.978504,-0.117198
61,0.380427,0.977785,-0.119013
62,0.386563,0.977054,-0.120820
63,0.392699,0.976313,-0.122620
64,0.398835,0.975561,-0.124412
65,0.404971,0.974797,-0.126196
66,0.411107,0.974023,-0.127972
67,0.417243,0.973238,-0.129740
68,0.423379,0.972442,-0.131501
69,0.429515,0.971635,-0.133253
70,0.435651,0.970817,-0.134997
71,0.441786,0.969989,-0.136732
72,0.447922,0.969150,-0.138459
73,0.454058,0.968300,-0.140178
74,0.460194,0.967440,-0.141888
75,0.466330,0.966569,-0.143589
76,0.472466,0.965688,-0.145282
77,0.478602,0.964797,-0.146965
78,0.484738,0.963895,-0.148640
79,0.490874,0.962983,-0.150306
80,0.497010,0.962061,-0.151962
81,0.503146,0.961128,-0.153610
82,0.509282,0.960186,-0.155248
83,0.515418,0.959233,-0.156877
84,0.521553,0.958271,-0.158496
85,0.527689,0.957298,-0.160106
86,0.533825,0.956316,-0.161707
87,0.539961,0.955324,-0.163298
88,0.546097,0.954322,-0.164879
89,0.552233,0.953310,-0.166450
90,0.558369,0.952289,-0.168012
91,0.564505,0.951258,-0.169564
92,0.570641,0.950217,-0.171106
93,0.576777,0.949167,-0.172637
94,0.582913,0.948108,-0.174159
95,0.589049,0.947039,-0.175671
96,0.595185,0.945962,-0.177172
97,0.601320,0.944874,-0.178663
98,0.607456,0.943778,-0.180144
99,0.613592,0.942673,-0.181615
100,0.619728,0.941558,-0.183075
101,0.625864,0.940435,-0.184525
102,0.632000,0.939303,-0.185964
103,0.638136,0.938162,-0.187393
104,0.644272,0.937012,-0.188811
105,0.650408,0.935853,-0.190218
106,0.656544,0.934686,-0.191615
107,0.662680,0.933511,-0.193001
108,0.668816,0.932326,-0.194377
109,0.674952,0.931134,-0.195741
110,0.681087,0.929933,-0.197095
111,0.687223,0.928723,-0.198438
112,0.693359,0.927506,-0.199770
113,0.699495,0.926280,-0.201091
114,0.705631,0.925046,-0.202401
115,0.711767,0.923804,-0.203700
116,0.717903,0.922554,-0.204988
117,0.724039,0.921296,-0.206265
118,0.730175,0.920031,-0.207530
119,0.736311,0.918757,-0.208785
120,0.742447,0.917476,-0.210029
121,0.748583,0.916188,-0.211261
122,0.754719,0.914891,-0.212482
123,0.760854,0.913588,-0.213692
124,0.766990,0.912276,-0.214891
125,0.773126,0.910958,-0.216079
126,0.779262,0.909632,-0.217255
127,0.785398,0.908299,-0.218420
128,0.791534,0.906959,-0.219574
129,0.797670,0.905611,-0.220716
130,0.803806,0.904257,-0.221847
131,0.809942,0.902896,-0.222967
132,0.816078,0.901528,-0.224076
133,0.822214,0.900153,-0.225173
134,0.828350,0.898771,-0.226258
135,0.834486,0.897383,-0.227333
136,0.840621,0.895988,-0.228396
137,0.846757,0.894587,-0.229448
138,0.852893,0.893179,-0.230488
139,0.859029,0.891764,-0.231517
140,0.865165,0.890344,-0.232535
141,0.871301,0.888917,-0.233541
142,0.877437,0.887484,-0.234536
143,0.883573,0.886045,-0.235519
144,0.889709,0.884600,-0.236492
145,0.895845,0.883149,-0.237452
146,0.901981,0.881692,-0.238402
147,0.908117,0.880229,-0.239340
148,0.914253,0.878760,-0.240267
149,0.920388,0.877286,-0.241183
150,0.926524,0.875806,-0.242087
151,0.932660,0.874321,-0.242980
152,0.938796,0.872830,-0.243862
153,0.944932,0.871334,-0.244732
154,0.951068,0.869832,-0.245592
155,0.957204,0.868325,-0.246440
156,0.963340,0.866813,-0.247277
157,0.969476,0.865296,-0.248102
158,0.975612,0.863773,-0.248917
159,0.981748,0.862246,-0.249720
160,0.987884,0.860714,-0.250512
161,0.994020,0.859177,-0.251294
162,1.000155,0.857635,-0.252064
163,1.006291,0.856088,-0.252823
164,1.012427,0.854537,-0.253571
165,1.018563,0.852981,-0.254308
166,1.024699,0.851420,-0.255034
167,1.030835,0.849855,-0.255749
168,1.036971,0.848286,-0.256453
169,1.043107,0.846713,-0.257146
170,1.049243,0.845135,-0.257829
171,1.055379,0.843553,-0.258500
172,1.061515,0.841967,-0.259161
173,1.067651,0.840376,-0.259811
174,1.073787,0.838782,-0.260451
175,1.079922,0.837184,-0.261080
176,1.086058,0.835582,-0.261698
177,1.092194,0.833976,-0.262305
178,1.098330,0.832367,-0.262902
179,1.104466,0.830754,-0.263488
180,1.110602,0.829137,-0.264064
181,1.116738,0.827517,-0.264629
182,1.122874,0.825893,-0.265184
183,1.129010,0.824266,-0.265729
184,1.135146,0.822635,-0.266263
185,1.141282,0.821002,-0.266787
186,1.147418,0.819365,-0.267301
187,1.153554,0.817725,-0.267804
188,1.159689,0.816081,-0.268297
189,1.165825,0.814435,-0.268780
190,1.171961,0.812786,-0.269253
191,1.178097,0.811134,-0.269716
192,1.184233,0.809479,-0.270169
193,1.190369,0.807821,-0.270612
194,1.196505,0.806161,-0.271046
195,1.202641,0.804497,-0.271469
196,1.208777,0.802832,-0.271882
197,1.214913,0.801164,-0.272286
198,1.221049,0.799493,-0.272680
199,1.227185,0.797820,-0.273064
200,1.233321,0.796144,-0.273439
201,1.239456,0.794466,-0.273804
202,1.245592,0.792786,-0.274160
203,1.251728,0.791104,-0.274506
204,1.257864,0.789420,-0.274843
205,1.264000,0.787733,-0.275171
206,1.270136,0.786045,-0.275489
207,1.276272,0.784354,-0.275798
208,1.282408,0.782662,-0.276097
209,1.288544,0.780968,-0.276388
210,1.294680,0.779272,-0.276669
211,1.300816,0.777575,-0.276942
212,1.306952,0.775875,-0.277205
213,1.313088,0.774174,-0.277460
214,1.319223,0.772472,-0.277705
215,1.325359,0.770768,-0.277942
216,1.331495,0.769063,-0.278170
217,1.337631,0.767356,-0.278389
218,1.343767,0.765648,-0.278600
219,1.349903,0.763938,-0.278802
220,1.356039,0.762227,-0.278996
221,1.362175,0.760515,-0.279181
222,1.368311,0.758802,-0.279357
223,1.374447,0.757088,-0.279526
224,1.380583,0.755373,-0.279685
225,1.386719,0.753657,-0.279837
226,1.392855,0.751940,-0.279981
227,1.398990,0.750222,-0.280116
228,1.405126,0.748503,-0.280243
229,1.411262,0.746784,-0.280362
230,1.417398,0.745063,-0.280474
231,1.423534,0.743342,-0.280577
232,1.429670,0.741621,-0.280672
233,1.435806,0.739899,-0.280760
234,1.441942,0.738176,-0.280840
235,1.448078,0.736453,-0.280912
236,1.454214,0.734729,-0.280977
237,1.460350,0.733005,-0.281034
238,1.466486,0.731281,-0.281083
239,1.472622,0.729556,-0.281126
240,1.478757,0.727831,-0.281160
241,1.484893,0.726106,-0.281188
242,1.491029,0.724380,-0.281208
243,1.497165,0.722655,-0.281221
244,1.503301,0.720929,-0.281227
245,1.509437,0.719204,-0.281225
246,1.515573,0.717478,-0.281217
247,1.521709,0.715753,-0.281202
248,1.527845,0.714027,-0.281179
249,1.533981,0.712302,-0.281150
250,1.540117,0.710577,-0.281114
251,1.546253,0.708852,-0.281072
252,1.552389,0.707127,-0.281023
253,1.558524,0.705403,-0.280967
254,1.564660,0.703679,-0.280904
255,1.570796,0.701955,-0.280835
256,1.576932,0.700232,-0.280760
257,1.583068,0.698510,-0.280678
258,1.589204,0.696787,-0.280590
259,1.595340,0.695066,-0.280496
260,1.601476,0.693345,-0.280395
261,1.607612,0.691624,-0.280288
262,1.613748,0.689904,-0.280175
263,1.619884,0.688185,-0.280056
264,1.626020,0.686467,-0.279932
265,1.632156,0.684749,-0.279801
266,1.638291,0.683032,-0.279664
267,1.644427,0.681316,-0.279522
268,1.650563,0.679601,-0.279373
269,1.656699,0.677887,-0.279220
270,1.662835,0.676174,-0.279060
271,1.668971,0.674461,-0.278895
272,1.675107,0.672750,-0.278724
273,1.681243,0.671040,-0.278548
274,1.687379,0.669331,-0.278367
275,1.693515,0.667623,-0.278180
276,1.699651,0.665916,-0.277988
277,1.705787,0.664210,-0.277790
278,1.711923,0.662505,-0.277588
279,1.718058,0.660802,-0.277380
280,1.724194,0.659100,-0.277167
281,1.730330,0.657400,-0.276949
282,1.736466,0.655700,-0.276726
283,1.742602,0.654002,-0.276499
284,1.748738,0.652306,-0.276266
285,1.754874,0.650611,-0.276029
286,1.761010,0.648917,-0.275787
287,1.767146,0.647225,-0.275540
288,1.773282,0.645534,-0.275288
289,1.779418,0.643845,-0.275032
290,1.785554,0.642157,-0.274772
291,1.791690,0.640471,-0.274507
292,1.797825,0.638787,-0.274237
293,1.803961,0.637104,-0.273963
294,1.810097,0.635423,-0.273685
295,1.816233,0.633744,-0.273403
296,1.822369,0.632066,-0.273116
297,1.828505,0.630390,-0.272825
298,1.834641,0.628716,-0.272530
299,1.840777,0.627044,-0.272231
300,1.846913,0.625374,-0.271928
301,1.853049,0.623705,-0.271621
302,1.859185,0.622039,-0.271310
303,1.865321,0.620374,-0.270995
304,1.871457,0.618711,-0.270676
305,1.877592,0.617050,-0.270354
306,1.883728,0.615391,-0.270028
307,1.889864,0.613735,-0.269698
308,1.896000,0.612080,-0.269364
309,1.902136,0.610427,-0.269027
310,1.908272,0.608776,-0.268687
311,1.914408,0.607128,-0.268343
312,1.920544,0.605481,-0.267995
313,1.926680,0.603837,-0.267644
314,1.932816,0.602194,-0.267290
315,1.938952,0.600554,-0.266932
316,1.945088,0.598916,-0.266572
317,1.951224,0.597281,-0.266208
318,1.957359,0.595647,-0.265840
319,1.963495,0.594016,-0.265470
320,1.969631,0.592387,-0.265097
321,1.975767,0.590761,-0.264720
322,1.981903,0.589136,-0.264341
323,1.988039,0.587514,-0.263959
324,1.994175,0.585895,-0.263574
325,2.000311,0.584277,-0.263186
326,2.006447,0.582663,-0.262795
327,2.012583,0.581050,-0.262401
328,2.018719,0.579440,-0.262005
329,2.024855,0.577832,-0.261606
330,2.030991,0.576227,-0.261204
331,2.037126,0.574624,-0.260800
332,2.043262,0.573024,-0.260393
333,2.049398,0.571426,-0.259984
334,2.055534,0.569831,-0.259572
335,2.061670,0.568238,-0.259158
336,2.067806,0.566648,-0.258741
337,2.073942,0.565061,-0.258322
338,2.080078,0.563476,-0.257901
339,2.086214,0.561893,-0.257478
340,2.092350,0.560313,-0.257052
341,2.098486,0.558736,-0.256624
342,2.104622,0.557161,-0.256194
343,2.110758,0.555589,-0.255761
344,2.116893,0.554020,-0.255327
345,2.123029,0.552453,-0.254891
346,2.129165,0.550889,-0.254452
347,2.135301,0.549328,-0.254012
348,2.141437,0.547770,-0.253570
349,2.147573,0.546214,-0.253126
350,2.153709,0.544661,-0.252680
351,2.159845,0.543110,-0.252232
352,2.165981,0.541562,-0.251782
353,2.172117,0.540018,-0.251331
354,2.178253,0.538475,-0.250878
355,2.184389,0.536936,-0.250423
356,2.190525,0.535399,-0.249966
357,2.196660,0.533866,-0.249508
358,2.202796,0.532335,-0.249049
359,2.208932,0.530807,-0.248588
360,2.215068,0.529281,-0.248125
361,2.221204,0.527759,-0.247661
362,2.227340,0.526239,-0.247195
363,2.233476,0.524722,-0.246728
364,2.239612,0.523208,-0.246259
365,2.245748,0.521697,-0.245790
366,2.251884,0.520189,-0.245319
367,2.258020,0.518684,-0.244846
368,2.264156,0.517182,-0.244372
369,2.270292,0.515682,-0.243898
370,2.276427,0.514186,-0.243421
371,2.282563,0.512692,-0.242944
372,2.288699,0.511201,-0.242466
373,2.294835,0.509714,-0.241986
374,2.300971,0.508229,-0.241505
375,2.307107,0.506747,-0.241024
376,2.313243,0.505268,-0.240541
377,2.319379,0.503792,-0.240057
378,2.325515,0.502319,-0.239573
379,2.331651,0.500849,-0.239087
380,2.337787,0.499382,-0.238601
381,2.343923,0.497918,-0.238113
382,2.350059,0.496457,-0.237625
383,2.356194,0.494999,-0.237136
384,2.362330,0.493544,-0.236646
385,2.368466,0.492092,-0.236155
386,2.374602,0.490643,-0.235664
387,2.380738,0.489197,-0.235171
388,2.386874,0.487754,-0.234678
389,2.393010,0.486314,-0.234185
390,2.399146,0.484877,-0.233691
391,2.405282,0.483443,-0.233196
392,2.411418,0.482012,-0.232700
393,2.417554,0.480584,-0.232204
394,2.423690,0.479160,-0.231708
395,2.429826,0.477738,-0.231211
396,2.435961,0.476319,-0.230713
397,2.442097,0.474904,-0.230215
398,2.448233,0.473491,-0.229716
399,2.454369,0.472081,-0.229217
400,2.460505,0.470675,-0.228718
401,2.466641,0.469272,-0.228218
402,2.472777,0.467871,-0.227718
403,2.478913,0.466474,-0.227217
404,2.485049,0.465080,-0.226716
405,2.491185,0.463689,-0.226215
406,2.497321,0.462301,-0.225713
407,2.503457,0.460916,-0.225211
408,2.509593,0.459534,-0.224709
409,2.515728,0.458155,-0.224207
410,2.521864,0.456779,-0.223705
411,2.528000,0.455407,-0.223202
412,2.534136,0.454037,-0.222699
413,2.540272,0.452671,-0.222196
414,2.546408,0.451307,-0.221693
415,2.552544,0.449947,-0.221190
416,2.558680,0.448590,-0.220686
417,2.564816,0.447236,-0.220183
418,2.570952,0.445885,-0.219680
419,2.577088,0.444537,-0.219176
420,2.583224,0.443192,-0.218673
421,2.589360,0.441850,-0.218169
422,2.595495,0.440511,-0.217665
423,2.601631,0.439176,-0.217162
424,2.607767,0.437843,-0.216659
425,2.613903,0.436514,-0.216155
426,2.620039,0.435188,-0.215652
427,2.626175,0.433864,-0.215149
428,2.632311,0.432544,-0.214646
429,2.638447,0.431227,-0.214143
430,2.644583,0.429913,-0.213640
431,2.650719,0.428602,-0.213137
432,2.656855,0.427295,-0.212635
433,2.662991,0.425990,-0.212133
434,2.669127,0.424688,-0.211631
435,2.675262,0.423390,-0.211129
436,2.681398,0.422094,-0.210627
437,2.687534,0.420802,-0.210126
438,2.693670,0.419513,-0.209625
439,2.699806,0.418226,-0.209124
440,2.705942,0.416943,-0.208623
441,2.712078,0.415663,-0.208123
442,2.718214,0.414386,-0.207623
443,2.724350,0.413112,-0.207124
444,2.730486,0.411841,-0.206625
445,2.736622,0.410573,-0.206126
446,2.742758,0.409309,-0.205627
447,2.748894,0.408047,-0.205129
448,2.755029,0.406788,-0.204632
449,2.761165,0.405533,-0.204134
450,2.767301,0.404280,-0.203637
451,2.773437,0.403030,-0.203141
452,2.779573,0.401784,-0.202645
453,2.785709,0.400541,-0.202150
454,2.791845,0.399300,-0.201655
455,2.797981,0.398063,-0.201160
456,2.804117,0.396829,-0.200666
457,2.810253,0.395597,-0.200172
458,2.816389,0.394369,-0.199679
459,2.822525,0.393144,-0.199187
460,2.828661,0.391922,-0.198695
461,2.834796,0.390702,-0.198203
462,2.840932,0.389486,-0.197713
463,2.847068,0.388273,-0.197222
464,2.853204,0.387063,-0.196733
465,2.859340,0.385856,-0.196243
466,2.865476,0.384652,-0.195755
467,2.871612,0.383451,-0.195267
468,2.877748,0.382252,-0.194780
469,2.883884,0.381057,-0.194293
470,2.890020,0.379865,-0.193807
471,2.896156,0.378676,-0.193321
472,2.902292,0.377490,-0.192837
473,2.908428,0.376307,-0.192352
474,2.914563,0.375126,-0.191869
475,2.920699,0.373949,-0.191386
476,2.926835,0.372775,-0.190904
477,2.932971,0.371603,-0.190423
478,2.939107,0.370435,-0.189942
479,2.945243,0.369269,-0.189462
480,2.951379,0.368107,-0.188983
481,2.957515,0.366947,-0.188504
482,2.963651,0.365791,-0.188026
483,2.969787,0.364637,-0.187549
484,2.975923,0.363486,-0.187073
485,2.982059,0.362338,-0.186597
486,2.988195,0.361193,-0.186122
487,2.994330,0.360051,-0.185648
488,3.000466,0.358912,-0.185175
489,3.006602,0.357776,-0.184703
490,3.012738,0.356643,-0.184231
491,3.018874,0.355512,-0.183760
492,3.025010,0.354385,-0.183290
493,3.031146,0.353260,-0.182820
494,3.037282,0.352138,-0.182352
495,3.043418,0.351019,-0.181884
496,3.049554,0.349903,-0.181417
497,3.055690,0.348790,-0.180951
498,3.061826,0.347680,-0.180486
499,3.067962,0.346572,-0.180022
500,3.074097,0.345468,-0.179558
501,3.080233,0.344366,-0.179096
502,3.086369,0.343267,-0.178634
503,3.092505,0.342171,-0.178173
504,3.098641,0.341078,-0.177713
505,3.104777,0.339987,-0.177253
506,3.110913,0.338900,-0.176795
507,3.117049,0.337815,-0.176338
508,3.123185,0.336733,-0.175881
509,3.129321,0.335654,-0.175425
510,3.135457,0.334577,-0.174971
511,3.141593,0.333504,-0.174517
512,3.147729,0.332433,-0.174064
513,3.153865,0.331365,-0.173612
514,3.160000,0.330300,-0.173160
515,3.166136,0.329237,-0.172710
516,3.172272,0.328177,-0.172261
517,3.178408,0.327120,-0.171812
518,3.184544,0.326066,-0.171365
519,3.190680,0.325015,-0.170918
520,3.196816,0.323966,-0.170473
521,3.202952,0.322920,-0.170028
522,3.209088,0.321877,-0.169584
523,3.215224,0.320836,-0.169141
524,3.221360,0.319798,-0.168700
525,3.227496,0.318763,-0.168259
526,3.233632,0.317731,-0.167819
527,3.239767,0.316701,-0.167380
528,3.245903,0.315674,-0.166942
529,3.252039,0.314650,-0.166505
530,3.258175,0.313628,-0.166068
531,3.264311,0.312609,-0.165633
532,3.270447,0.311593,-0.165199
533,3.276583,0.310579,-0.164766
534,3.282719,0.309568,-0.164334
535,3.288855,0.308560,-0.163902
536,3.294991,0.307554,-0.163472
537,3.301127,0.306551,-0.163043
538,3.307263,0.305551,-0.162614
539,3.313399,0.304553,-0.162187
540,3.319534,0.303558,-0.161761
541,3.325670,0.302565,-0.161335
542,3.331806,0.301575,-0.160911
543,3.337942,0.300588,-0.160488
544,3.344078,0.299603,-0.160065
545,3.350214,0.298621,-0.159644
546,3.356350,0.297641,-0.159224
547,3.362486,0.296664,-0.158804
548,3.368622,0.295690,-0.158386
549,3.374758,0.294718,-0.157968
550,3.380894,0.293749,-0.157552
551,3.387030,0.292782,-0.157137
552,3.393166,0.291818,-0.156722
553,3.399301,0.290856,-0.156309
554,3.405437,0.289897,-0.155897
555,3.411573,0.288941,-0.155485
556,3.417709,0.287987,-0.155075
557,3.423845,0.287035,-0.154666
558,3.429981,0.286086,-0.154258
559,3.436117,0.285139,-0.153850
560,3.442253,0.284195,-0.153444
561,3.448389,0.283254,-0.153039
562,3.454525,0.282315,-0.152635
563,3.460661,0.281378,-0.152231
564,3.466797,0.280444,-0.151829
565,3.472933,0.279513,-0.151428
566,3.479068,0.278584,-0.151028
567,3.485204,0.277657,-0.150629
568,3.491340,0.276733,-0.150231
569,3.497476,0.275811,-0.149834
570,3.503612,0.274891,-0.149437
571,3.509748,0.273974,-0.149042
572,3.515884,0.273060,-0.148648
573,3.522020,0.272148,-0.148255
574,3.528156,0.271238,-0.147863
575,3.534292,0.270331,-0.147472
576,3.540428,0.269426,-0.147083
577,3.546564,0.268524,-0.146694
578,3.552700,0.267623,-0.146306
579,3.558835,0.266726,-0.145919
580,3.564971,0.265830,-0.145533
581,3.571107,0.264937,-0.145148
582,3.577243,0.264047,-0.144764
583,3.583379,0.263159,-0.144382
584,3.589515,0.262273,-0.144000
585,3.595651,0.261389,-0.143619
586,3.601787,0.260508,-0.143240
587,3.607923,0.259629,-0.142861
588,3.614059,0.258752,-0.142483
589,3.620195,0.257878,-0.142107
590,3.626331,0.257006,-0.141731
591,3.632467,0.256136,-0.141356
592,3.638602,0.255269,-0.140983
593,3.644738,0.254404,-0.140610
594,3.650874,0.253541,-0.140239
595,3.657010,0.252681,-0.139868
596,3.663146,0.251823,-0.139499
597,3.669282,0.250967,-0.139130
598,3.675418,0.250113,-0.138763
599,3.681554,0.249261,-0.138396
600,3.687690,0.248412,-0.138031
601,3.693826,0.247565,-0.137666
602,3.699962,0.246721,-0.137303
603,3.706098,0.245878,-0.136940
604,3.712234,0.245038,-0.136579
605,3.718369,0.244200,-0.136218
606,3.724505,0.243364,-0.135859
607,3.730641,0.242530,-0.135501
608,3.736777,0.241699,-0.135143
609,3.742913,0.240870,-0.134787
610,3.749049,0.240043,-0.134432
611,3.755185,0.239218,-0.134077
612,3.761321,0.238395,-0.133724
613,3.767457,0.237575,-0.133371
614,3.773593,0.236756,-0.133020
615,3.779729,0.235940,-0.132670
616,3.785865,0.235126,-0.132320
617,3.792001,0.234314,-0.131972
618,3.798136,0.233504,-0.131625
619,3.804272,0.232697,-0.131278
620,3.810408,0.231891,-0.130933
621,3.816544,0.231088,-0.130588
622,3.822680,0.230287,-0.130245
623,3.828816,0.229487,-0.129903
624,3.834952,0.228690,-0.129561
625,3.841088,0.227895,-0.129221
626,3.847224,0.227102,-0.128881
627,3.853360,0.226312,-0.128543
628,3.859496,0.225523,-0.128205
629,3.865632,0.224736,-0.127869
630,3.871768,0.223952,-0.127533
631,3.877903,0.223169,-0.127199
632,3.884039,0.222389,-0.126865
633,3.890175,0.221610,-0.126532
634,3.896311,0.220834,-0.126201
635,3.902447,0.220059,-0.125870
636,3.908583,0.219287,-0.125540
637,3.914719,0.218517,-0.125212
638,3.920855,0.217748,-0.124884
639,3.926991,0.216982,-0.124557
640,3.933127,0.216218,-0.124231
641,3.939263,0.215456,-0.123906
642,3.945399,0.214695,-0.123582
643,3.951535,0.213937,-0.123260
644,3.957670,0.213181,-0.122937
645,3.963806,0.212426,-0.122616
646,3.969942,0.211674,-0.122296
647,3.976078,0.210924,-0.121977
648,3.982214,0.210175,-0.121659
649,3.988350,0.209429,-0.121342
650,3.994486,0.208684,-0.121025
651,4.000622,0.207942,-0.120710
652,4.006758,0.207201,-0.120396
653,4.012894,0.206462,-0.120082
654,4.019030,0.205725,-0.119770
655,4.025166,0.204990,-0.119458
656,4.031302,0.204257,-0.119147
657,4.037437,0.203526,-0.118838
658,4.043573,0.202797,-0.118529
659,4.049709,0.202070,-0.118221
660,4.055845,0.201345,-0.117914
661,4.061981,0.200621,-0.117608
662,4.068117,0.199899,-0.117303
663,4.074253,0.199180,-0.116999
664,4.080389,0.198462,-0.116695
665,4.086525,0.197746,-0.116393
666,4.092661,0.197032,-0.116092
667,4.098797,0.196319,-0.115791
668,4.104933,0.195609,-0.115491
669,4.111069,0.194900,-0.115193
670,4.117204,0.194193,-0.114895
671,4.123340,0.193488,-0.114598
672,4.129476,0.192785,-0.114302
673,4.135612,0.192084,-0.114007
674,4.141748,0.191384,-0.113713
675,4.147884,0.190687,-0.113419
676,4.154020,0.189991,-0.113127
677,4.160156,0.189296,-0.112836
678,4.166292,0.188604,-0.112545
679,4.172428,0.187914,-0.112255
680,4.178564,0.187225,-0.111966
681,4.184700,0.186538,-0.111678
682,4.190836,0.185852,-0.111391
683,4.196971,0.185169,-0.111105
684,4.203107,0.184487,-0.110820
685,4.209243,0.183807,-0.110535
686,4.215379,0.183129,-0.110252
687,4.221515,0.182453,-0.109969
688,4.227651,0.181778,-0.109687
689,4.233787,0.181105,-0.109406
690,4.239923,0.180433,-0.109126
691,4.246059,0.179764,-0.108847
692,4.252195,0.179096,-0.108569
693,4.258331,0.178430,-0.108291
694,4.264467,0.177765,-0.108014
695,4.270603,0.177103,-0.107739
696,4.276738,0.176441,-0.107464
697,4.282874,0.175782,-0.107190
698,4.289010,0.175124,-0.106916
699,4.295146,0.174468,-0.106644
700,4.301282,0.173814,-0.106372
701,4.307418,0.173161,-0.106102
702,4.313554,0.172510,-0.105832
703,4.319690,0.171861,-0.105563
704,4.325826,0.171213,-0.105295
705,4.331962,0.170567,-0.105027
706,4.338098,0.169923,-0.104761
707,4.344234,0.169280,-0.104495
708,4.350370,0.168639,-0.104230
709,4.356505,0.167999,-0.103966
710,4.362641,0.167361,-0.103703
711,4.368777,0.166725,-0.103440
712,4.374913,0.166090,-0.103179
713,4.381049,0.165457,-0.102918
714,4.387185,0.164826,-0.102658
715,4.393321,0.164196,-0.102399
716,4.399457,0.163567,-0.102141
717,4.405593,0.162941,-0.101883
718,4.411729,0.162315,-0.101626
719,4.417865,0.161692,-0.101370
720,4.424001,0.161070,-0.101115
721,4.430137,0.160449,-0.100861
722,4.436272,0.159831,-0.100607
723,4.442408,0.159213,-0.100355
724,4.448544,0.158598,-0.100103
725,4.454680,0.157983,-0.099852
726,4.460816,0.157371,-0.099601
727,4.466952,0.156759,-0.099352
728,4.473088,0.156150,-0.099103
729,4.479224,0.155542,-0.098855
730,4.485360,0.154935,-0.098607
731,4.491496,0.154330,-0.098361
732,4.497632,0.153727,-0.098115
733,4.503768,0.153125,-0.097870
734,4.509904,0.152524,-0.097626
735,4.516039,0.151925,-0.097383
736,4.522175,0.151328,-0.097140
737,4.528311,0.150731,-0.096898
738,4.534447,0.150137,-0.096657
739,4.540583,0.149544,-0.096417
740,4.546719,0.148952,-0.096177
741,4.552855,0.148362,-0.095938
742,4.558991,0.147773,-0.095700
743,4.565127,0.147186,-0.095463
744,4.571263,0.146600,-0.095226
745,4.577399,0.146016,-0.094991
746,4.583535,0.145433,-0.094755
747,4.589671,0.144852,-0.094521
748,4.595806,0.144272,-0.094287
749,4.601942,0.143693,-0.094055
750,4.608078,0.143116,-0.093822
751,4.614214,0.142541,-0.093591
752,4.620350,0.141966,-0.093360
753,4.626486,0.141393,-0.093130
754,4.632622,0.140822,-0.092901
755,4.638758,0.140252,-0.092673
756,4.644894,0.139683,-0.092445
757,4.651030,0.139116,-0.092218
758,4.657166,0.138550,-0.091991
759,4.663302,0.137986,-0.091766
760,4.669438,0.137423,-0.091541
761,4.675573,0.136861,-0.091317
762,4.681709,0.136301,-0.091093
763,4.687845,0.135742,-0.090870
764,4.693981,0.135184,-0.090648
765,4.700117,0.134628,-0.090427
766,4.706253,0.134073,-0.090206
767,4.712389,0.133520,-0.089986
768,4.718525,0.132968,-0.089767
769,4.724661,0.132417,-0.089548
770,4.730797,0.131867,-0.089330
771,4.736933,0.131319,-0.089113
772,4.743069,0.130772,-0.088896
773,4.749205,0.130227,-0.088680
774,4.755340,0.129683,-0.088465
775,4.761476,0.129140,-0.088251
776,4.767612,0.128598,-0.088037
777,4.773748,0.128058,-0.087824
778,4.779884,0.127519,-0.087611
779,4.786020,0.126982,-0.087399
780,4.792156,0.126446,-0.087188
781,4.798292,0.125911,-0.086978
782,4.804428,0.125377,-0.086768
783,4.810564,0.124844,-0.086559
784,4.816700,0.124313,-0.086350
785,4.822836,0.123783,-0.086143
786,4.828972,0.123255,-0.085935
787,4.835107,0.122728,-0.085729
788,4.841243,0.122202,-0.085523
789,4.847379,0.121677,-0.085318
790,4.853515,0.121153,-0.085113
791,4.859651,0.120631,-0.084909
792,4.865787,0.120110,-0.084706
793,4.871923,0.119590,-0.084503
794,4.878059,0.119072,-0.084302
795,4.884195,0.118555,-0.084100
796,4.890331,0.118039,-0.083899
797,4.896467,0.117524,-0.083699
798,4.902603,0.117010,-0.083500
799,4.908739,0.116498,-0.083301
800,4.914874,0.115987,-0.083103
801,4.921010,0.115477,-0.082905
802,4.927146,0.114968,-0.082708
803,4.933282,0.114461,-0.082512
804,4.939418,0.113954,-0.082316
805,4.945554,0.113449,-0.082121
806,4.951690,0.112945,-0.081927
807,4.957826,0.112443,-0.081733
808,4.963962,0.111941,-0.081540
809,4.970098,0.111441,-0.081347
810,4.976234,0.110942,-0.081155
811,4.982370,0.110444,-0.080964
812,4.988506,0.109947,-0.080773
813,4.994641,0.109451,-0.080583
814,5.000777,0.108957,-0.080393
815,5.006913,0.108464,-0.080204
816,5.013049,0.107971,-0.080016
817,5.019185,0.107480,-0.079828
818,5.025321,0.106991,-0.079641
819,5.031457,0.106502,-0.079454
820,5.037593,0.106014,-0.079268
821,5.043729,0.105528,-0.079083
822,5.049865,0.105043,-0.078898
823,5.056001,0.104559,-0.078713
824,5.062137,0.104076,-0.078530
825,5.068273,0.103594,-0.078347
826,5.074408,0.103113,-0.078164
827,5.080544,0.102634,-0.077982
828,5.086680,0.102155,-0.077801
829,5.092816,0.101678,-0.077620
830,5.098952,0.101201,-0.077440
831,5.105088,0.100726,-0.077260
832,5.111224,0.100252,-0.077081
833,5.117360,0.099779,-0.076902
834,5.123496,0.099307,-0.076724
835,5.129632,0.098837,-0.076547
836,5.135768,0.098367,-0.076370
837,5.141904,0.097898,-0.076193
838,5.148040,0.097431,-0.076018
839,5.154175,0.096964,-0.075842
840,5.160311,0.096499,-0.075668
841,5.166447,0.096035,-0.075494
842,5.172583,0.095571,-0.075320
843,5.178719,0.095109,-0.075147
844,5.184855,0.094648,-0.074975
845,5.190991,0.094188,-0.074803
846,5.197127,0.093729,-0.074631
847,5.203263,0.093271,-0.074460
848,5.209399,0.092814,-0.074290
849,5.215535,0.092359,-0.074120
850,5.221671,0.091904,-0.073951
851,5.227807,0.091450,-0.073782
852,5.233942,0.090997,-0.073614
853,5.240078,0.090546,-0.073446
854,5.246214,0.090095,-0.073279
855,5.252350,0.089645,-0.073113
856,5.258486,0.089197,-0.072946
857,5.264622,0.088749,-0.072781
858,5.270758,0.088302,-0.072616
859,5.276894,0.087857,-0.072451
860,5.283030,0.087412,-0.072287
861,5.289166,0.086969,-0.072124
862,5.295302,0.086526,-0.071961
863,5.301438,0.086085,-0.071798
864,5.307574,0.085644,-0.071636
865,5.313709,0.085205,-0.071475
866,5.319845,0.084766,-0.071314
867,5.325981,0.084328,-0.071153
868,5.332117,0.083892,-0.070993
869,5.338253,0.083456,-0.070834
870,5.344389,0.083022,-0.070675
871,5.350525,0.082588,-0.070516
872,5.356661,0.082155,-0.070358
873,5.362797,0.081724,-0.070201
874,5.368933,0.081293,-0.070044
875,5.375069,0.080863,-0.069887
876,5.381205,0.080434,-0.069731
877,5.387341,0.080006,-0.069575
878,5.393476,0.079579,-0.069420
879,5.399612,0.079154,-0.069266
880,5.405748,0.078729,-0.069112
881,5.411884,0.078304,-0.068958
882,5.418020,0.077881,-0.068805
883,5.424156,0.077459,-0.068652
884,5.430292,0.077038,-0.068500
885,5.436428,0.076618,-0.068348
886,5.442564,0.076198,-0.068197
887,5.448700,0.075780,-0.068046
888,5.454836,0.075362,-0.067896
889,5.460972,0.074946,-0.067746
890,5.467108,0.074530,-0.067596
891,5.473243,0.074115,-0.067448
892,5.479379,0.073701,-0.067299
893,5.485515,0.073288,-0.067151
894,5.491651,0.072876,-0.067003
895,5.497787,0.072465,-0.066856
896,5.503923,0.072055,-0.066710
897,5.510059,0.071646,-0.066563
898,5.516195,0.071237,-0.066418
899,5.522331,0.070830,-0.066272
900,5.528467,0.070423,-0.066128
901,5.534603,0.070017,-0.065983
902,5.540739,0.069612,-0.065839
903,5.546875,0.069208,-0.065696
904,5.553010,0.068805,-0.065553
905,5.559146,0.068403,-0.065410
906,5.565282,0.068002,-0.065268
907,5.571418,0.067601,-0.065126
908,5.577554,0.067202,-0.064985
909,5.583690,0.066803,-0.064844
910,5.589826,0.066405,-0.064703
911,5.595962,0.066008,-0.064563
912,5.602098,0.065612,-0.064424
913,5.608234,0.065217,-0.064285
914,5.614370,0.064822,-0.064146
915,5.620506,0.064429,-0.064008
916,5.626642,0.064036,-0.063870
917,5.632777,0.063644,-0.063732
918,5.638913,0.063253,-0.063595
919,5.645049,0.062863,-0.063459
920,5.651185,0.062473,-0.063322
921,5.657321,0.062085,-0.063187
922,5.663457,0.061697,-0.063051
923,5.669593,0.061310,-0.062916
924,5.675729,0.060924,-0.062782
925,5.681865,0.060539,-0.062647
926,5.688001,0.060154,-0.062514
927,5.694137,0.059771,-0.062380
928,5.700273,0.059388,-0.062248
929,5.706409,0.059006,-0.062115
930,5.712544,0.058625,-0.061983
931,5.718680,0.058245,-0.061851
932,5.724816,0.057865,-0.061720
933,5.730952,0.057487,-0.061589
934,5.737088,0.057109,-0.061458
935,5.743224,0.056732,-0.061328
936,5.749360,0.056355,-0.061199
937,5.755496,0.055980,-0.061069
938,5.761632,0.055605,-0.060940
939,5.767768,0.055231,-0.060812
940,5.773904,0.054858,-0.060684
941,5.780040,0.054486,-0.060556
942,5.786176,0.054114,-0.060429
943,5.792311,0.053743,-0.060302
944,5.798447,0.053373,-0.060175
945,5.804583,0.053004,-0.060049
946,5.810719,0.052636,-0.059923
947,5.816855,0.052268,-0.059797
948,5.822991,0.051901,-0.059672
949,5.829127,0.051535,-0.059548
950,5.835263,0.051169,-0.059423
951,5.841399,0.050805,-0.059299
952,5.847535,0.050441,-0.059176
953,5.853671,0.050078,-0.059053
954,5.859807,0.049716,-0.058930
955,5.865943,0.049354,-0.058807
956,5.872078,0.048993,-0.058685
957,5.878214,0.048633,-0.058563
958,5.884350,0.048274,-0.058442
959,5.890486,0.047915,-0.058321
960,5.896622,0.047557,-0.058200
961,5.902758,0.047200,-0.058080
962,5.908894,0.046844,-0.057960
963,5.915030,0.046488,-0.057841
964,5.921166,0.046133,-0.057722
965,5.927302,0.045779,-0.057603
966,5.933438,0.045426,-0.057484
967,5.939574,0.045073,-0.057366
968,5.945710,0.044721,-0.057248
969,5.951845,0.044370,-0.057131
970,5.957981,0.044019,-0.057014
971,5.964117,0.043669,-0.056897
972,5.970253,0.043320,-0.056781
973,5.976389,0.042972,-0.056665
974,5.982525,0.042624,-0.056549
975,5.988661,0.042277,-0.056434
976,5.994797,0.041931,-0.056319
977,6.000933,0.041585,-0.056204
978,6.007069,0.041240,-0.056090
979,6.013205,0.040896,-0.055976
980,6.019341,0.040553,-0.055862
981,6.025477,0.040210,-0.055749
982,6.031612,0.039868,-0.055636
983,6.037748,0.039526,-0.055523
984,6.043884,0.039186,-0.055411
985,6.050020,0.038846,-0.055299
986,6.056156,0.038506,-0.055187
987,6.062292,0.038168,-0.055076
988,6.068428,0.037830,-0.054965
989,6.074564,0.037493,-0.054854
990,6.080700,0.037156,-0.054744
991,6.086836,0.036820,-0.054634
992,6.092972,0.036485,-0.054524
993,6.099108,0.036150,-0.054415
994,6.105244,0.035816,-0.054306
995,6.111379,0.035483,-0.054197
996,6.117515,0.035151,-0.054089
997,6.123651,0.034819,-0.053981
998,6.129787,0.034488,-0.053873
999,6.135923,0.034157,-0.053765
1000,6.142059,0.033827,-0.053658
1001,6.148195,0.033498,-0.053552
1002,6.154331,0.033169,-0.053445
1003,6.160467,0.032841,-0.053339
1004,6.166603,0.032514,-0.053233
1005,6.172739,0.032187,-0.053127
1006,6.178875,0.031861,-0.053022
1007,6.185011,0.031536,-0.052917
1008,6.191146,0.031211,-0.052813
1009,6.197282,0.030887,-0.052708
1010,6.203418,0.030564,-0.052604
1011,6.209554,0.030241,-0.052500
1012,6.215690,0.029919,-0.052397
1013,6.221826,0.029598,-0.052294
1014,6.227962,0.029277,-0.052191
1015,6.234098,0.028956,-0.052088
1016,6.240234,0.028637,-0.051986
1017,6.246370,0.028318,-0.051884
1018,6.252506,0.028000,-0.051783
1019,6.258642,0.027682,-0.051681
1020,6.264778,0.027365,-0.051580
1021,6.270913,0.027048,-0.051479
1022,6.277049,0.026732,-0.051379
1023,6.283185,0.026417,-0.051279
1024,6.289321,0.026102,-0.051179
1025,6.295457,0.025788,-0.051079
1026,6.301593,0.025475,-0.050980
1027,6.307729,0.025162,-0.050881
1028,6.313865,0.024850,-0.050782
1029,6.320001,0.024538,-0.050684
1030,6.326137,0.024227,-0.050586
1031,6.332273,0.023917,-0.050488
1032,6.338409,0.023607,-0.050390
1033,6.344545,0.023298,-0.050293
1034,6.350680,0.022989,-0.050196
1035,6.356816,0.022681,-0.050099
1036,6.362952,0.022374,-0.050002
1037,6.369088,0.022067,-0.049906
1038,6.375224,0.021761,-0.049810
1039,6.381360,0.021455,-0.049715
1040,6.387496,0.021150,-0.049619
1041,6.393632,0.020846,-0.049524
1042,6.399768,0.020542,-0.049429
1043,6.405904,0.020239,-0.049335
1044,6.412040,0.019936,-0.049240
1045,6.418176,0.019634,-0.049146
1046,6.424312,0.019332,-0.049052
1047,6.430447,0.019031,-0.048959
1048,6.436583,0.018731,-0.048866
1049,6.442719,0.018431,-0.048773
1050,6.448855,0.018132,-0.048680
1051,6.454991,0.017833,-0.048587
1052,6.461127,0.017535,-0.048495
1053,6.467263,0.017237,-0.048403
1054,6.473399,0.016940,-0.048312
1055,6.479535,0.016644,-0.048220
1056,6.485671,0.016348,-0.048129
1057,6.491807,0.016053,-0.048038
1058,6.497943,0.015758,-0.047947
1059,6.504079,0.015464,-0.047857
1060,6.510214,0.015170,-0.047767
1061,6.516350,0.014877,-0.047677
1062,6.522486,0.014585,-0.047587
1063,6.528622,0.014293,-0.047498
1064,6.534758,0.014001,-0.047409
1065,6.540894,0.013710,-0.047320
1066,6.547030,0.013420,-0.047231
1067,6.553166,0.013130,-0.047143
1068,6.559302,0.012841,-0.047055
1069,6.565438,0.012552,-0.046967
1070,6.571574,0.012264,-0.046879
1071,6.577710,0.011976,-0.046792
1072,6.583846,0.011689,-0.046705
1073,6.589981,0.011403,-0.046618
1074,6.596117,0.011116,-0.046531
1075,6.602253,0.010831,-0.046445
1076,6.608389,0.010546,-0.046358
1077,6.614525,0.010262,-0.046272
1078,6.620661,0.009978,-0.046187
1079,6.626797,0.009694,-0.046101
1080,6.632933,0.009411,-0.046016
1081,6.639069,0.009129,-0.045931
1082,6.645205,0.008847,-0.045846
1083,6.651341,0.008566,-0.045762
1084,6.657477,0.008285,-0.045677
1085,6.663613,0.008005,-0.045593
1086,6.669748,0.007725,-0.045509
1087,6.675884,0.007446,-0.045426
1088,6.682020,0.007167,-0.045342
1089,6.688156,0.006889,-0.045259
1090,6.694292,0.006611,-0.045176
1091,6.700428,0.006334,-0.045094
1092,6.706564,0.006057,-0.045011
1093,6.712700,0.005781,-0.044929
1094,6.718836,0.005505,-0.044847
1095,6.724972,0.005230,-0.044765
1096,6.731108,0.004956,-0.044683
1097,6.737244,0.004681,-0.044602
1098,6.743380,0.004408,-0.044521
1099,6.749515,0.004134,-0.044440
1100,6.755651,0.003862,-0.044359
1101,6.761787,0.003590,-0.044279
1102,6.767923,0.003318,-0.044199
1103,6.774059,0.003047,-0.044119
1104,6.780195,0.002776,-0.044039
1105,6.786331,0.002506,-0.043959
1106,6.792467,0.002236,-0.043880
1107,6.798603,0.001967,-0.043801
1108,6.804739,0.001698,-0.043722
1109,6.810875,0.001430,-0.043643
1110,6.817011,0.001162,-0.043564
1111,6.823147,0.000895,-0.043486
1112,6.829282,0.000628,-0.043408
1113,6.835418,0.000362,-0.043330
1114,6.841554,0.000096,-0.043252
